mean: 0.32557254187654344
split0: 0.29235880398671094
split1: 0.3260869565217392
split2: 0.3582718651211802
